xxn INTRODUCTION

(16 Hem-i I compte 14 articles: celle (16 16311, (33.
Hem-'1 l'avait 36601(166 11611610161116111 311 (1611111 (16 5011
168116 61 11 avait pu 56 60111611161 (16111011165565 86116-
13165; 611 1215, au contraire7 011 10111311 16113161 165
111111511665 601111111565 50115 16 16811116 31111113116 (16 11015
1681165 61 611 611111661161 16 1610111. Les 511111113110115
11116111 (10116 (131113111 111115 [11661565 (1116 165 811615
avaient 616 111115 11011111161111 61 111115 611(161115. ’1011165
1656135565 (111160111111316111 31015 (1311513 5061616 avaient
501111611 (16 13 1101111(1116 311861’1116; a 1011165, 13 Grande
Charte offrit (165 1611313110115. Au 616186, 6116 111011161-
1311 (311. 1) 16 111311111611 (16 565 11111116865 61 511110111 13
11116116 (165 6166110115 63110111(11165 (1613 (16616166 1131
,16311-53115-Τ61161’3111166 111666(161116Ῑ.130111131101116556,
6116 1111311 16 (11011 011 13 1110(·6(11116 611 111311616 (16 5116-
66551011 160(1316 (311. 2, 3>qde garde-noble (311. 4,1”1“),
(16 111311386 (311. 6, 7, 8), (16 (161165 (311. 26), (16 1116-
56111311011 aux be'ne'fices 66616513511(11165 (bart. 46).
D'autre 11311, 6116 36601(1311 13 111016611011 1·οι1316 aux
11131611311(15 61161113111 avec 16111511131611311(11565 (311. 41),
1166161311 11111116 (165 1101(15 61 1116511165 (311. 35), 6011111-
111311 165 11111116865 (165 111165,(16511011185,(1651101’15,(16
Londres 611 11311161111611311 13). 13111111, 6116 831311115-
5311 111 11116116 111(111’1(1116116 611 (1661(13111 que nul 116
1101111311 6116 311616 111 (16161111. 1656 (13115 53 personne
111 (13115 565 biens, sinon 1131 16 jugement (16 565113115
61 601110111161116111 3 13 101 (311. :39>; 6116 1110111611311 a
tous 11116 Ι11151166 11011116 61 11101111116 (311. 40) 61 611 1611-

 

1. Voycz la a Carta Johannis rogis 111 1111616 siut electiones totius

Anglie v> daus Stubbs ; Select Char-terne, p. 288.

